r/2848418: 0.2654 earth-yr; Nested shells[118.0764198 6.2822826]
r/2846281: 0.1027 earth-yr; Nested shells[118.0764198 6.2822826]
r/2865824: 0.0377 earth-yr; Nested shells[-140.7744355 -17.8187654]
r/2846280: 0.0072 earth-yr; Nested shells[118.0764198 6.2822826]
r/2889870: 0.0009 earth-yr; Nested shells[134.1507768 6.9140155]
