r/2848418: (0.2654ey) British Empire (1931-1932) Nested shells[118.0764198 6.2822826]
r/2846281: (0.1027ey) British Empire (1900-1900-10-09) Nested shells[118.0764198 6.2822826]
r/2865824: (0.0377ey) French Colonial Empire (1942-1943) Nested shells[-140.7744355 -17.8187654]
r/2846280: (0.0072ey) British Empire (1900-1900-10-19) Nested shells[118.0764198 6.2822826]
r/2889870: (0.0009ey) Empire of Japan (1945-1945) Nested shells[134.1507768 6.9140155]
