r/2684676: 0.0139 earth-yr; Too few points in geometry component[22.4546074 44.714273]
r/2809393: 0.0075 earth-yr; Interior is disconnected[7.7747904 50.2314499]
r/2810435: 0.0037 earth-yr; Interior is disconnected[7.7747904 50.2314499]
r/2833826: 0.0010 earth-yr; Too few points in geometry component[7.3501606 50.0244598]
r/2795168: 0.0000 earth-yr; Too few points in geometry component[-84.3167018 33.7445441]
r/2795159: 0.0000 earth-yr; Too few points in geometry component[-84.3167018 33.7445441]
r/2795157: 0.0000 earth-yr; Too few points in geometry component[-84.3167018 33.7445441]
