r/2809393: (0.0075ey) République Française (1802-1804) Interior is disconnected[7.7747904 50.2314499]
r/2810435: (0.0037ey) République Française (1798 01-12) Interior is disconnected[7.7747904 50.2314499]
r/2795168: (0.0000ey) Atlanta (2017-2017) Too few points in geometry component[-84.3167018 33.7445441]
r/2795159: (0.0000ey) Atlanta (2016-2016) Too few points in geometry component[-84.3167018 33.7445441]
r/2795157: (0.0000ey) Atlanta (2016-2016) Too few points in geometry component[-84.3167018 33.7445441]
