r/2688214: (0.0010ey) [6] Hanau-Lichtenberg Ring Self-intersection[7.6243829 48.6989062]
r/2688212: (0.0003ey) [6] Hanau-Lichtenberg Ring Self-intersection[7.6243829 48.6989062]
r/2688216: (0.0002ey) [6] Hanau-Lichtenberg Ring Self-intersection[7.6243829 48.6989062]
r/2832736: (0.0002ey) [4] County of Hanau (1720-1736) Ring Self-intersection[7.6243829 48.6989062]
r/2688213: (0.0002ey) [6] Hanau-Lichtenberg Ring Self-intersection[7.6243829 48.6989062]
r/2688217: (0.0001ey) [6] Hanau-Lichtenberg Ring Self-intersection[7.6243829 48.6989062]
r/2688215: (0.0001ey) [6] Hanau-Lichtenberg Ring Self-intersection[7.6243829 48.6989062]
r/2783625: (0.0000ey) [6] Cape Girardeau County (1845-1847) Ring Self-intersection[-89.9542869 37.1362362]
r/2772136: (0.0000ey) [6] Arapahoe County (1961-1961) Ring Self-intersection[-104.934076 39.6984607]
r/2703836: (0.0000ey) [8] San Jose Ring Self-intersection[-121.8523757 37.3189936]
r/2704134: (0.0000ey) [8] San Jose Ring Self-intersection[-121.83086 37.2581822]
r/2703840: (0.0000ey) [8] San Jose Ring Self-intersection[-121.83086 37.2581822]
r/2703749: (0.0000ey) [8] San Jose Ring Self-intersection[-121.83086 37.2581822]
