r/2845451: (0.1299ey) Nueva España Self-intersection[-66.5826881716905 17.9063114571697]
r/2850691: (0.1002ey) Imperio Español (1709-1710) Self-intersection[-53.3214199142698 -27.2155959583113]
r/2841722: (0.0136ey) République d'Haïti Self-intersection[-71.8478702621598 19.7654108733079]
r/2810096: (0.0006ey) Herzogtum Limburg (1648-1797) Self-intersection[5.8519519 50.5931773]
r/2780927: (0.0003ey) Ocean County (1850-1869) Self-intersection[-74.4690054193304 40.1308840890247]
r/2775630: (0.0003ey) Cassia County (1907-1913) Self-intersection[-114.281807032321 41.9952410944181]
