r/2851141: (0.2385ey) Российская империя Self-intersection[55.772413331155 51.413883653825]
r/2845451: (0.1299ey) Nueva España Self-intersection[-66.5826881716905 17.9063114571697]
r/2850691: (0.1002ey) Imperio Español (1709-1710) Self-intersection[-53.3214199142698 -27.2155959583113]
r/2853878: (0.0326ey) Oberrheinischer Reichskreis Self-intersection[7.9659546600626 50.5459226734608]
r/2893056: (0.0324ey) Oberrheinischer Reichskreis Self-intersection[7.9659546600626 50.5459226734608]
r/2831691: (0.0216ey) Niederrheinisch-Westfälischer Reichskreis (1500-1548) Self-intersection[6.04377254823964 50.8968124194262]
r/2841722: (0.0136ey) République d'Haïti Self-intersection[-71.8478702621598 19.7654108733079]
r/2830431: (0.0013ey) Herzogtum Sachsen-Zeitz Self-intersection[11.6922975635583 51.0958543660058]
r/2810096: (0.0006ey) Herzogtum Limburg (1648-1797) Self-intersection[5.8519519 50.5931773]
r/2902380: (0.0003ey) Yorkshire Self-intersection[-0.858886078254745 53.6359626031845]
r/2780927: (0.0003ey) Ocean County (1850-1869) Self-intersection[-74.4690054193304 40.1308840890247]
r/2775630: (0.0003ey) Cassia County (1907-1913) Self-intersection[-114.281807032321 41.9952410944181]
